 1.83193298939912 1.134736078503668 1.129081171992276 1.167750595050333 1.200070700315582 1.596738373052824 1.842760104142203 1.197864786736513 1.138908821185334 1.572860704988565
 1.957250570792217 1.962952788014435 1.4681169007296 1.997198728028584 1.800616309288139 1.164857860760106 1.151428597209134 1.790907491628313 1.980377345681631 1.190124435879433
 1.676021847828925 1.238866998821228 1.745697696840394 1.726039451801588 1.246496496200628 1.185581299054832 1.300378346181336 1.166067902426368 1.173394995469661 1.490801240617594
 1.728138328475164 1.853963857782158 1.28146899028475 1.881958281893504 1.107679245463598 1.508895362670444 1.231220965447673 1.503121188625314 1.693019855832111 1.036148601093268
 1.031547639852255 1.317108132559728 1.91958802107311 1.618323430235783 1.230043955420156 1.601437355036658 1.683735288728062 1.94880294575023 1.067615446447173 1.327522125066778
 1.856519533019291 1.021240169552563 1.439001179811158 1.992982693576069 1.927273848411958 1.541386265417616 1.733365765086248 1.271657743907267 1.113779725691335 1.091997394977485
 1.793620746803643 1.305705960377027 1.325445751620741 1.656938442961658 1.565128250126068 1.581114590518809 1.093233355038099 1.265664062250363 1.337393474964985 1.412980614882673
 1.289458452291746 1.474290634497836 1.789706818411752 1.497623986165478 1.644697078909026 1.110945723774638 1.588618621346642 1.945626079660864 1.647050929153788 1.927416192590527
 1.079017055782562 1.409591414744968 1.909458114728896 1.932409949135645 1.231510594755207 1.216295687706499 1.105755528430541 1.362616033897164 1.514753871114998 1.737153236818266
 1.768055748460934 1.025787988472736 1.971445499422446 1.876521857340161 1.118525920795101 1.401058558338873 1.432498814845654 1.812859975014394 1.777739679277407 1.819980646599732
 1.232400153268841 1.397044003758269 1.702537865753343 1.390025322618365 1.591249855926823 1.070078032780506 1.096183080490858 1.703843662686239 1.937063900009612 1.253658295406363
 1.494646531557535 1.136009774483077 1.085312157765779 1.81709703954751 1.897871391802303 1.073943129242802 1.631164993861161 1.467784746776672 1.344543369701074 1.129078613373358
 1.501294439117631 1.154464579391064 1.427622651960355 1.483502748722409 1.027083636937613 1.600322411297701 1.746698491054041 1.348243816422062 1.733739176249962 1.939889498243617
 1.000276921511746 1.566855451037386 1.200540073054427 1.231119845670667 1.321241898121355 1.818400665024136 1.291174925511651 1.107273169787628 1.85555232099156 1.764439683073096
 1.579292328097738 1.917582795347027 1.527018449381626 1.043378850252382 1.786814148204683 1.223204328282856 1.108298458037573 1.538386020099851 1.490032440349381 1.243023450895038
 1.653025459350987 1.559536206864914 1.971430201434871 1.167775708869283 1.53979301006972 1.476880202661619 1.537315111939269 1.009540517007321 1.052100568321273 1.887845214201544
 1.828482867642295 1.768906111838938 1.538497815044364 1.669927528258449 1.335065752480816 1.204182132253804 1.615264367590883 1.251161798280993 1.244465620138567 1.498646655526595
 1.234762709179499 1.064184504937631 1.331680323391384 1.752039390210307 1.87444003904599 1.427150820118403 1.446709730179608 1.197984817545904 1.453042425578443 1.929903145545548
 1.243960967311079 1.745349757532866 1.013019558276218 1.805319902654051 1.854450808379486 1.787628726143205 1.462123958793243 1.264890978217784 1.179439044902652 1.068063743263514
 1.81549794295644 1.383943509963484 1.955883000042682 1.743482421836479 1.804749190312493 1.75536286633378 1.248952335388258 1.299655840457559 1.744576291827949 1.843195426809961
 1.969919129228465 1.031046227911475 1.725793184536867 1.888610410111904 1.776497895724363 1.848856135459999 1.747455865470928 1.545871609729037 1.808660781144189 1.91959036763078
 1.916220484281025 1.176692102960361 1.5632941671598 1.77217746160696 1.911448442646154 1.093426117417252 1.029629258352325 1.430336779356569 1.550854801120688 1.624019052767335
 1.853950273847525 1.01719480757683 1.205269532169289 1.931881168548629 1.941929582798955 1.403373711626201 1.511835542473868 1.509846753458111 1.64703320697549 1.693263887690099
 1.280150957609731 1.298969508198378 1.711932399237266 1.552404848951797 1.3986867809145 1.700470336016194 1.360343179432419 1.254860985868478 1.551243238238335 1.730867512056617
 1.336638347182049 1.011585526868176 1.269804441153059 1.871314846506273 1.394694676023466 1.417807938406836 1.625707077320222 1.316353862573663 1.095779788213469 1.685223340674191
 1.525222011239398 1.102350073547968 1.009388675612734 1.713663638473795 1.016585642622215 1.281013650057265 1.907819412927364 1.705201232577499 1.582992857698535 1.48789649561674
 1.950585770556377 1.574342154702263 1.764676109317094 1.464053720448019 1.114184598261618 1.223484594551816 1.265195033322539 1.644825736090163 1.922203407877952 1.488885941080808
 1.246082415719098 1.469626923837489 1.699712555281324 1.168609206346758 1.586442868468383 1.99569154472444 1.610842127787745 1.387949052827479 1.910816324873145 1.772357669368384
 1.645462282570596 1.226784693801348 1.09431167779726 1.560640403837249 1.152042964304484 1.469718523857356 1.699672784812224 1.895986058077567 1.772713312964799 1.214446753006089
 1.943092125772262 1.911168702197474 1.54707593179964 1.786601038744427 1.381564100638637 1.637903710438414 1.425354712990094 1.626183737817685 1.207152472653065 1.528402059377008
 1.267826410930361 1.338273366727519 1.449954160476318 1.720844186876121 1.961655705953566 1.217251944714724 1.969853937328748 1.265269419331636 1.976691611657593 1.041598309200823
 1.953483427453319 1.424630368738387 1.07788164599277 1.09192184555572 1.354822259919032 1.210110917682101 1.95613043870694 1.644886369029892 1.371948457404204 1.144402378298485
 1.569489442537618 1.500255074999175 1.868479088045288 1.109353190457982 1.65667409642335 1.635210537908222 1.882912356165702 1.767941105148346 1.837725614646065 1.51016870069461
 1.544744662213905 1.735461082726987 1.824256177790218 1.544242023789221 1.723985202407012 1.007467687546918 1.372118892150322 1.450172471386123 1.338940362320391 1.792078924042778
 1.502634127787746 1.471417107041421 1.194504678754338 1.976099696024747 1.48117538437073 1.903574102744362 1.146268560016877 1.868950038675008 1.558801640166114 1.138491797987371
 1.556906477943993 1.403170167470483 1.235298084096357 1.41003993947015 1.906524991291045 1.24586249329214 1.85740336552658 1.952235317840521 1.297065598860952 1.389246778588957
 1.274741291670732 1.542132830499572 1.429956048367889 1.107261207975664 1.918470414378379 1.952436602251058 1.14904547375012 1.510184685524896 1.399920685218803 1.961882570751661
 1.729670694513594 1.207217537404684 1.372067703186031 1.264568198617585 1.93326186435819 1.802875616512408 1.88751990364206 1.266651561835071 1.905554357916766 1.245607167616193
